Wavelength (nm), QE (%)
3.010000000000000000e+02,6.338530802917519580e+00
3.020000000000000000e+02,6.614293357633653336e+00
3.030000000000000000e+02,6.890055912349787093e+00
3.040000000000000000e+02,7.165818467065920849e+00
3.050000000000000000e+02,7.337044903401301887e+00
3.060000000000000000e+02,7.499165925583969994e+00
3.070000000000000000e+02,7.775409918183615154e+00
3.080000000000000000e+02,8.291929601052922649e+00
3.090000000000000000e+02,8.593227831653027948e+00
3.100000000000000000e+02,8.894526062253131471e+00
3.110000000000000000e+02,9.064002628092600489e+00
3.120000000000000000e+02,9.226123650651656405e+00
3.130000000000000000e+02,9.490527127156880738e+00
3.140000000000000000e+02,1.000497013268229729e+01
3.150000000000000000e+02,1.016634693371784692e+01
3.160000000000000000e+02,1.031495097965388474e+01
3.170000000000000000e+02,1.060134995748614095e+01
3.180000000000000000e+02,1.110461895652630027e+01
3.190000000000000000e+02,1.140591717458408461e+01
3.200000000000000000e+02,1.170721539264186895e+01
3.210000000000000000e+02,1.187043393086536724e+01
3.220000000000000000e+02,1.203255495952644516e+01
3.230000000000000000e+02,1.234014092884142144e+01
3.240000000000000000e+02,1.284331241082417385e+01
3.250000000000000000e+02,1.316783263068363929e+01
3.260000000000000000e+02,1.350187889374842953e+01
3.270000000000000000e+02,1.385350075655667546e+01
3.280000000000000000e+02,1.418662256834086399e+01
3.290000000000000000e+02,1.448706085991227077e+01
3.300000000000000000e+02,1.478749915148367755e+01
3.310000000000000000e+02,1.520567223066734641e+01
3.320000000000000000e+02,1.572985630655207601e+01
3.330000000000000000e+02,1.610858987324965952e+01
3.340000000000000000e+02,1.647212631232396518e+01
3.350000000000000000e+02,1.681213196543557586e+01
3.360000000000000000e+02,1.715295656776174127e+01
3.370000000000000000e+02,1.750457843940449365e+01
3.380000000000000000e+02,1.785620031104724958e+01
3.390000000000000000e+02,1.853747626137214155e+01
3.400000000000000000e+02,1.967944008607667428e+01
3.410000000000000000e+02,2.048136345483962018e+01
3.420000000000000000e+02,2.084653991385449601e+01
3.430000000000000000e+02,2.121171637286937184e+01
3.440000000000000000e+02,2.165443556079632970e+01
3.450000000000000000e+02,2.211844282512274873e+01
3.460000000000000000e+02,2.266906159122939357e+01
3.470000000000000000e+02,2.319132821631708907e+01
3.480000000000000000e+02,2.358424699870741748e+01
3.490000000000000000e+02,2.406066597433228793e+01
3.500000000000000000e+02,2.509159759486150776e+01
3.510000000000000000e+02,2.552458471891719327e+01
3.520000000000000000e+02,2.608875911985946061e+01
3.530000000000000000e+02,2.686652286919199639e+01
3.540000000000000000e+02,2.739722260151979327e+01
3.550000000000000000e+02,2.820635845842581446e+01
3.560000000000000000e+02,2.868282653496475731e+01
3.570000000000000000e+02,2.922444165458400178e+01
3.580000000000000000e+02,3.040545943191228062e+01
3.590000000000000000e+02,3.140507883945073786e+01
3.600000000000000000e+02,3.192677266949744208e+01
3.610000000000000000e+02,3.310769528328722799e+01
3.620000000000000000e+02,3.406744705650143601e+01
3.630000000000000000e+02,3.471058841814928542e+01
3.640000000000000000e+02,3.588245218224675881e+01
3.650000000000000000e+02,3.677276325411259705e+01
3.660000000000000000e+02,3.820997332269575963e+01
3.670000000000000000e+02,3.914398818119638435e+01
3.680000000000000000e+02,4.074152785437289737e+01
3.690000000000000000e+02,4.213600874933471374e+01
3.700000000000000000e+02,4.262160991097741913e+01
3.710000000000000000e+02,4.457205170981801245e+01
3.720000000000000000e+02,4.523168985114324414e+01
3.730000000000000000e+02,4.666379882791711964e+01
3.740000000000000000e+02,4.836954912049770172e+01
3.750000000000000000e+02,4.976403010014644224e+01
3.760000000000000000e+02,5.028444333510890374e+01
3.770000000000000000e+02,5.166796078023779160e+01
3.780000000000000000e+02,5.343836431398098341e+01
3.790000000000000000e+02,5.412816331592907915e+01
3.800000000000000000e+02,5.564514149045930225e+01
3.810000000000000000e+02,5.697531842570896998e+01
3.820000000000000000e+02,5.745661333150378169e+01
3.830000000000000000e+02,5.876060524873155089e+01
3.840000000000000000e+02,5.957229721001773015e+01
3.850000000000000000e+02,6.049348072397365428e+01
3.860000000000000000e+02,6.169192050920059955e+01
3.870000000000000000e+02,6.226615549399120653e+01
3.880000000000000000e+02,6.342386799049338464e+01
3.890000000000000000e+02,6.399810293456570776e+01
3.900000000000000000e+02,6.513830532561279085e+01
3.910000000000000000e+02,6.567992041253019408e+01
3.920000000000000000e+02,6.673768309983292113e+01
3.930000000000000000e+02,6.730104316604645476e+01
3.940000000000000000e+02,6.840360762789521232e+01
3.950000000000000000e+02,6.897784261268584771e+01
3.960000000000000000e+02,6.982082704155567399e+01
3.970000000000000000e+02,7.061384097016140515e+01
3.980000000000000000e+02,7.140045972772166749e+01
3.990000000000000000e+02,7.170758818233730381e+01
4.000000000000000000e+02,7.289011956532810643e+01
4.010000000000000000e+02,7.329157018968436432e+01
4.020000000000000000e+02,7.364319205249259426e+01
4.030000000000000000e+02,7.444005315550097635e+01
4.040000000000000000e+02,7.509515474666027046e+01
4.050000000000000000e+02,7.563913338549376419e+01
4.060000000000000000e+02,7.614525216668167218e+01
4.070000000000000000e+02,7.663253313794231758e+01
4.080000000000000000e+02,7.715595138723746516e+01
4.090000000000000000e+02,7.769588094363568587e+01
4.100000000000000000e+02,7.804750280141892915e+01
4.110000000000000000e+02,7.839861450890511207e+01
4.120000000000000000e+02,7.872313473378865467e+01
4.130000000000000000e+02,7.904611607746623747e+01
4.140000000000000000e+02,7.931646312468531335e+01
4.150000000000000000e+02,7.958681017190437501e+01
4.160000000000000000e+02,7.985580342788779262e+01
4.170000000000000000e+02,8.009366582645463950e+01
4.180000000000000000e+02,8.033152822502148638e+01
4.190000000000000000e+02,8.056939062358833326e+01
4.200000000000000000e+02,8.079161538138095011e+01
4.210000000000000000e+02,8.100782937215674906e+01
4.220000000000000000e+02,8.122404336293254801e+01
4.230000000000000000e+02,8.144025735370836117e+01
4.240000000000000000e+02,8.164194029745102910e+01
4.250000000000000000e+02,8.183847948398157257e+01
4.260000000000000000e+02,8.203501867051211605e+01
4.270000000000000000e+02,8.222625680041620910e+01
4.280000000000000000e+02,8.236134635891573907e+01
4.290000000000000000e+02,8.249643591741526905e+01
4.300000000000000000e+02,8.263152547591479902e+01
4.310000000000000000e+02,8.276607307298809246e+01
4.320000000000000000e+02,8.289575754070415314e+01
4.330000000000000000e+02,8.302544200842022803e+01
4.340000000000000000e+02,8.315512647613630293e+01
4.350000000000000000e+02,8.328481094385237782e+01
4.360000000000000000e+02,8.340983602018812348e+01
4.370000000000000000e+02,8.349989536518361888e+01
4.380000000000000000e+02,8.358995471017911427e+01
4.390000000000000000e+02,8.368001405517460967e+01
4.400000000000000000e+02,8.377007340017010506e+01
4.410000000000000000e+02,8.386013274516558624e+01
4.420000000000000000e+02,8.394937135326753719e+01
4.430000000000000000e+02,8.403342876844784826e+01
4.440000000000000000e+02,8.411748618362814511e+01
4.450000000000000000e+02,8.420154359880845618e+01
4.460000000000000000e+02,8.428560101398875304e+01
4.470000000000000000e+02,8.436965842916904990e+01
4.480000000000000000e+02,8.445278167071373332e+01
4.490000000000000000e+02,8.453083764790048349e+01
4.500000000000000000e+02,8.460889362508724787e+01
4.510000000000000000e+02,8.468694960227399804e+01
4.520000000000000000e+02,8.476500557946076242e+01
4.530000000000000000e+02,8.484306155664751259e+01
4.540000000000000000e+02,8.492425639727407827e+01
4.550000000000000000e+02,8.502031816731123115e+01
4.560000000000000000e+02,8.511637993734836982e+01
4.570000000000000000e+02,8.521244170738550849e+01
4.580000000000000000e+02,8.530850347742266138e+01
4.590000000000000000e+02,8.540456524745980005e+01
4.600000000000000000e+02,8.549946416889412149e+01
4.610000000000000000e+02,8.558952351388961688e+01
4.620000000000000000e+02,8.567958285888509806e+01
4.630000000000000000e+02,8.576964220388059346e+01
4.640000000000000000e+02,8.585970154887608885e+01
4.650000000000000000e+02,8.594976089387158424e+01
4.660000000000000000e+02,8.604173704828178870e+01
4.670000000000000000e+02,8.614080021177711899e+01
4.680000000000000000e+02,8.623986337527244928e+01
4.690000000000000000e+02,8.633892653876777956e+01
4.700000000000000000e+02,8.643514213906952648e+01
4.710000000000000000e+02,8.652160026724237696e+01
4.720000000000000000e+02,8.660805839541524165e+01
4.730000000000000000e+02,8.669451652358810634e+01
4.740000000000000000e+02,8.678097465176095682e+01
4.750000000000000000e+02,8.686743277993382151e+01
4.760000000000000000e+02,8.695389090810668620e+01
4.770000000000000000e+02,8.704034903627953668e+01
4.780000000000000000e+02,8.712680716445240137e+01
4.790000000000000000e+02,8.721326529262526606e+01
4.800000000000000000e+02,8.730374354706586359e+01
4.810000000000000000e+02,8.740580823408791389e+01
4.820000000000000000e+02,8.750787292110996418e+01
4.830000000000000000e+02,8.760993760813201447e+01
4.840000000000000000e+02,8.771200229515407898e+01
4.850000000000000000e+02,8.781406698217612927e+01
4.860000000000000000e+02,8.790614813452036458e+01
4.870000000000000000e+02,8.797220271819675474e+01
4.880000000000000000e+02,8.803825730187313070e+01
4.890000000000000000e+02,8.810431188554952087e+01
4.900000000000000000e+02,8.817036646922591103e+01
4.910000000000000000e+02,8.823642105290228699e+01
4.920000000000000000e+02,8.829893079729457384e+01
4.930000000000000000e+02,8.835298596291293904e+01
4.940000000000000000e+02,8.840704112853130425e+01
4.950000000000000000e+02,8.846109629414966946e+01
4.960000000000000000e+02,8.851515145976803467e+01
4.970000000000000000e+02,8.856920662538638567e+01
4.980000000000000000e+02,8.861574958567562987e+01
4.990000000000000000e+02,8.864581182974978901e+01
5.000000000000000000e+02,8.867587407382393394e+01
5.010000000000000000e+02,8.870593631789809308e+01
5.020000000000000000e+02,8.873599856197223801e+01
5.030000000000000000e+02,8.876606080604639715e+01
5.040000000000000000e+02,8.879216758792884434e+01
5.050000000000000000e+02,8.881023632868490836e+01
5.060000000000000000e+02,8.882830506944098659e+01
5.070000000000000000e+02,8.884637381019705060e+01
5.080000000000000000e+02,8.886444255095312883e+01
5.090000000000000000e+02,8.888251129170919285e+01
5.100000000000000000e+02,8.890680506343535683e+01
5.110000000000000000e+02,8.894286479680398827e+01
5.120000000000000000e+02,8.897892453017261971e+01
5.130000000000000000e+02,8.901498426354125115e+01
5.140000000000000000e+02,8.905104399690989680e+01
5.150000000000000000e+02,8.908710373027852825e+01
5.160000000000000000e+02,8.911663356620215382e+01
5.170000000000000000e+02,8.913470230665626559e+01
5.180000000000000000e+02,8.915277104711037737e+01
5.190000000000000000e+02,8.917083978756448914e+01
5.200000000000000000e+02,8.918890852801860092e+01
5.210000000000000000e+02,8.920697726847269848e+01
5.220000000000000000e+02,8.921822620083490563e+01
5.230000000000000000e+02,8.921830838439819900e+01
5.240000000000000000e+02,8.921839056796149237e+01
5.250000000000000000e+02,8.921847275152477152e+01
5.260000000000000000e+02,8.921855493508806489e+01
5.270000000000000000e+02,8.921863711865134405e+01
5.280000000000000000e+02,8.922818377147881108e+01
5.290000000000000000e+02,8.925224901686681278e+01
5.300000000000000000e+02,8.927631426225482869e+01
5.310000000000000000e+02,8.930037950764283039e+01
5.320000000000000000e+02,8.932444475303083209e+01
5.330000000000000000e+02,8.934850999841884800e+01
5.340000000000000000e+02,8.938243756574705401e+01
5.350000000000000000e+02,8.943049376079537183e+01
5.360000000000000000e+02,8.947854995584368965e+01
5.370000000000000000e+02,8.952660615089200746e+01
5.380000000000000000e+02,8.957466234594032528e+01
5.390000000000000000e+02,8.962271854098865731e+01
5.400000000000000000e+02,8.964764800485747287e+01
5.410000000000000000e+02,8.964173565315186920e+01
5.420000000000000000e+02,8.963582330144626553e+01
5.430000000000000000e+02,8.962991094974066186e+01
5.440000000000000000e+02,8.962399859803505819e+01
5.450000000000000000e+02,8.961808624632946874e+01
5.460000000000000000e+02,8.961749422058009884e+01
5.470000000000000000e+02,8.962357143038369145e+01
5.480000000000000000e+02,8.962964864018728406e+01
5.490000000000000000e+02,8.963572584999089088e+01
5.500000000000000000e+02,8.964180305979448349e+01
5.510000000000000000e+02,8.964788026959807610e+01
5.520000000000000000e+02,8.966773332240485672e+01
5.530000000000000000e+02,8.970379305744486942e+01
5.540000000000000000e+02,8.973985279248489633e+01
5.550000000000000000e+02,8.977591252752490902e+01
5.560000000000000000e+02,8.981197226256493593e+01
5.570000000000000000e+02,8.984803199760494863e+01
5.580000000000000000e+02,8.986695174210272796e+01
5.590000000000000000e+02,8.986703392399505219e+01
5.600000000000000000e+02,8.986711610588736221e+01
5.610000000000000000e+02,8.986719828777967223e+01
5.620000000000000000e+02,8.986728046967198225e+01
5.630000000000000000e+02,8.986736265156430647e+01
5.640000000000000000e+02,8.987629202411021367e+01
5.650000000000000000e+02,8.989436076456432545e+01
5.660000000000000000e+02,8.991242950501843723e+01
5.670000000000000000e+02,8.993049824547253479e+01
5.680000000000000000e+02,8.994856698592664657e+01
5.690000000000000000e+02,8.996663572638075834e+01
5.700000000000000000e+02,8.999079819272385805e+01
5.710000000000000000e+02,9.002086043562913176e+01
5.720000000000000000e+02,9.005092267853440546e+01
5.730000000000000000e+02,9.008098492143967917e+01
5.740000000000000000e+02,9.011104716434495288e+01
5.750000000000000000e+02,9.014110940725021237e+01
5.760000000000000000e+02,9.017117165103256582e+01
5.770000000000000000e+02,9.020123389560916394e+01
5.780000000000000000e+02,9.023129614018574784e+01
5.790000000000000000e+02,9.026135838476233175e+01
5.800000000000000000e+02,9.029142062933892987e+01
5.810000000000000000e+02,9.032148287391551378e+01
5.820000000000000000e+02,9.035154511731505522e+01
5.830000000000000000e+02,9.038160735971788995e+01
5.840000000000000000e+02,9.041166960212072468e+01
5.850000000000000000e+02,9.044173184452355940e+01
5.860000000000000000e+02,9.047179408692639413e+01
5.870000000000000000e+02,9.050185632932922886e+01
5.880000000000000000e+02,9.052857114215123602e+01
5.890000000000000000e+02,9.055263638753923772e+01
5.900000000000000000e+02,9.057670163292725363e+01
5.910000000000000000e+02,9.060076687831525533e+01
5.920000000000000000e+02,9.062483212370325703e+01
5.930000000000000000e+02,9.064889736909127294e+01
5.940000000000000000e+02,9.068330177324934027e+01
5.950000000000000000e+02,9.072535949175967573e+01
5.960000000000000000e+02,9.076741721027001120e+01
5.970000000000000000e+02,9.080947492878034666e+01
5.980000000000000000e+02,9.085153264729068212e+01
5.990000000000000000e+02,9.089359036580101758e+01
6.000000000000000000e+02,9.092145070182171196e+01
6.010000000000000000e+02,9.093951944227582374e+01
6.020000000000000000e+02,9.095758818272993551e+01
6.030000000000000000e+02,9.097565692318404729e+01
6.040000000000000000e+02,9.099372566363815906e+01
6.050000000000000000e+02,9.101179440409227084e+01
6.060000000000000000e+02,9.103350924201652106e+01
6.070000000000000000e+02,9.105757448740452276e+01
6.080000000000000000e+02,9.108163973279252446e+01
6.090000000000000000e+02,9.110570497818054037e+01
6.100000000000000000e+02,9.112977022356854206e+01
6.110000000000000000e+02,9.115383546895654376e+01
6.120000000000000000e+02,9.118539116278293477e+01
6.130000000000000000e+02,9.122145089782294747e+01
6.140000000000000000e+02,9.125751063286297438e+01
6.150000000000000000e+02,9.129357036790298707e+01
6.160000000000000000e+02,9.132963010294301398e+01
6.170000000000000000e+02,9.136568983798302668e+01
6.180000000000000000e+02,9.139790256353657583e+01
6.190000000000000000e+02,9.142796480593941055e+01
6.200000000000000000e+02,9.145802704834224528e+01
6.210000000000000000e+02,9.148808929074508001e+01
6.220000000000000000e+02,9.151815153314791473e+01
6.230000000000000000e+02,9.154821377555074946e+01
6.240000000000000000e+02,9.157432918062553995e+01
6.250000000000000000e+02,9.159839442768479501e+01
6.260000000000000000e+02,9.162245967474406427e+01
6.270000000000000000e+02,9.164652492180331933e+01
6.280000000000000000e+02,9.167059016886257439e+01
6.290000000000000000e+02,9.169465541592182944e+01
6.300000000000000000e+02,9.171467548258857505e+01
6.310000000000000000e+02,9.173274422304268683e+01
6.320000000000000000e+02,9.175081296349678439e+01
6.330000000000000000e+02,9.176888170395089617e+01
6.340000000000000000e+02,9.178695044440500794e+01
6.350000000000000000e+02,9.180501918485910551e+01
6.360000000000000000e+02,9.181894589735411216e+01
6.370000000000000000e+02,9.183101862630282142e+01
6.380000000000000000e+02,9.184309135525151646e+01
6.390000000000000000e+02,9.185516408420022572e+01
6.400000000000000000e+02,9.186723681314892076e+01
6.410000000000000000e+02,9.187930954209763001e+01
6.420000000000000000e+02,9.188714488215026677e+01
6.430000000000000000e+02,9.189322209028281918e+01
6.440000000000000000e+02,9.189929929841537160e+01
6.450000000000000000e+02,9.190537650654792401e+01
6.460000000000000000e+02,9.191145371468046221e+01
6.470000000000000000e+02,9.191753092281301463e+01
6.480000000000000000e+02,9.191927687556989213e+01
6.490000000000000000e+02,9.191935905913317129e+01
6.500000000000000000e+02,9.191944124269646466e+01
6.510000000000000000e+02,9.191952342625975803e+01
6.520000000000000000e+02,9.191960560982303718e+01
6.530000000000000000e+02,9.191968779338633055e+01
6.540000000000000000e+02,9.191976997571651964e+01
6.550000000000000000e+02,9.191985215760882966e+01
6.560000000000000000e+02,9.191993433950115389e+01
6.570000000000000000e+02,9.192001652139346390e+01
6.580000000000000000e+02,9.192009870328577392e+01
6.590000000000000000e+02,9.192018088517808394e+01
6.600000000000000000e+02,9.191123069638625509e+01
6.610000000000000000e+02,9.189932430533518470e+01
6.620000000000000000e+02,9.188741791428410011e+01
6.630000000000000000e+02,9.187551152323302972e+01
6.640000000000000000e+02,9.186360513218195933e+01
6.650000000000000000e+02,9.185169874113087474e+01
6.660000000000000000e+02,9.184439812915340440e+01
6.670000000000000000e+02,9.183848577744780073e+01
6.680000000000000000e+02,9.183257342574221127e+01
6.690000000000000000e+02,9.182666107403660760e+01
6.700000000000000000e+02,9.182074872233101814e+01
6.710000000000000000e+02,9.181483637062541447e+01
6.720000000000000000e+02,9.178544270589721066e+01
6.730000000000000000e+02,9.174956507264077743e+01
6.740000000000000000e+02,9.171368743938434420e+01
6.750000000000000000e+02,9.167780980612791097e+01
6.760000000000000000e+02,9.164193217287146354e+01
6.770000000000000000e+02,9.160605453961503031e+01
6.780000000000000000e+02,9.158451612566575761e+01
6.790000000000000000e+02,9.156661618444842077e+01
6.800000000000000000e+02,9.154871624323108392e+01
6.810000000000000000e+02,9.153081630201374708e+01
6.820000000000000000e+02,9.151291636079642444e+01
6.830000000000000000e+02,9.149501641957908760e+01
6.840000000000000000e+02,9.147711647836175075e+01
6.850000000000000000e+02,9.145921653714441391e+01
6.860000000000000000e+02,9.144131659592709127e+01
6.870000000000000000e+02,9.142341665470975443e+01
6.880000000000000000e+02,9.140551671349241758e+01
6.890000000000000000e+02,9.138761677227508073e+01
6.900000000000000000e+02,9.134493732768405039e+01
6.910000000000000000e+02,9.129707703047820644e+01
6.920000000000000000e+02,9.124921673327236249e+01
6.930000000000000000e+02,9.120135643606651854e+01
6.940000000000000000e+02,9.115349613886066038e+01
6.950000000000000000e+02,9.110563584165481643e+01
6.960000000000000000e+02,9.105777554304485477e+01
6.970000000000000000e+02,9.100991524416856748e+01
6.980000000000000000e+02,9.096205494529229441e+01
6.990000000000000000e+02,9.091419464641602133e+01
7.000000000000000000e+02,9.086633434753974825e+01
7.010000000000000000e+02,9.081847404866347517e+01
7.020000000000000000e+02,9.076038125396163991e+01
7.030000000000000000e+02,9.070054025742200565e+01
7.040000000000000000e+02,9.064069926088238560e+01
7.050000000000000000e+02,9.058085826434275134e+01
7.060000000000000000e+02,9.052101726780313129e+01
7.070000000000000000e+02,9.046117627126349703e+01
7.080000000000000000e+02,9.039614172843977258e+01
7.090000000000000000e+02,9.033031112215824976e+01
7.100000000000000000e+02,9.026448051587671273e+01
7.110000000000000000e+02,9.019864990959517570e+01
7.120000000000000000e+02,9.013281930331365288e+01
7.130000000000000000e+02,9.006698869703211585e+01
7.140000000000000000e+02,8.999061937934615685e+01
7.150000000000000000e+02,8.991281102643333156e+01
7.160000000000000000e+02,8.983500267352050628e+01
7.170000000000000000e+02,8.975719432060768099e+01
7.180000000000000000e+02,8.967938596769485571e+01
7.190000000000000000e+02,8.960157761478201621e+01
7.200000000000000000e+02,8.950774398135310150e+01
7.210000000000000000e+02,8.941197270134921382e+01
7.220000000000000000e+02,8.931620142134531193e+01
7.230000000000000000e+02,8.922043014134142425e+01
7.240000000000000000e+02,8.912465886133753656e+01
7.250000000000000000e+02,8.902888758133363467e+01
7.260000000000000000e+02,8.892770635960417280e+01
7.270000000000000000e+02,8.882594842022807313e+01
7.280000000000000000e+02,8.872419048085197346e+01
7.290000000000000000e+02,8.862243254147587379e+01
7.300000000000000000e+02,8.852067460209978833e+01
7.310000000000000000e+02,8.841891666272368866e+01
7.320000000000000000e+02,8.832263624993628071e+01
7.330000000000000000e+02,8.822686496826251812e+01
7.340000000000000000e+02,8.813109368658874132e+01
7.350000000000000000e+02,8.803532240491496452e+01
7.360000000000000000e+02,8.793955112324120194e+01
7.370000000000000000e+02,8.784377984156742514e+01
7.380000000000000000e+02,8.771695354374269016e+01
7.390000000000000000e+02,8.758766330419553015e+01
7.400000000000000000e+02,8.745837306464837013e+01
7.410000000000000000e+02,8.732908282510119591e+01
7.420000000000000000e+02,8.719979258555403590e+01
7.430000000000000000e+02,8.707050234413379997e+01
7.440000000000000000e+02,8.694121210258323629e+01
7.450000000000000000e+02,8.681192186103268682e+01
7.460000000000000000e+02,8.668263161948212314e+01
7.470000000000000000e+02,8.655334137793157367e+01
7.480000000000000000e+02,8.641050308226532195e+01
7.490000000000000000e+02,8.626685228807133399e+01
7.500000000000000000e+02,8.612320149387734602e+01
7.510000000000000000e+02,8.597955069968334385e+01
7.520000000000000000e+02,8.583589990548935589e+01
7.530000000000000000e+02,8.569224911129536792e+01
7.540000000000000000e+02,8.551439647135070743e+01
7.550000000000000000e+02,8.533485667506197103e+01
7.560000000000000000e+02,8.515531687877323463e+01
7.570000000000000000e+02,8.497577708248448403e+01
7.580000000000000000e+02,8.479623728619574763e+01
7.590000000000000000e+02,8.461669748990701123e+01
7.600000000000000000e+02,8.443715769361827483e+01
7.610000000000000000e+02,8.425761789732953844e+01
7.620000000000000000e+02,8.408795896265255010e+01
7.630000000000000000e+02,8.391867136464784949e+01
7.640000000000000000e+02,8.374938376664316309e+01
7.650000000000000000e+02,8.358009616863846247e+01
7.660000000000000000e+02,8.341440213868150977e+01
7.670000000000000000e+02,8.325694578995124573e+01
7.680000000000000000e+02,8.309948944122096748e+01
7.690000000000000000e+02,8.294203309249070344e+01
7.700000000000000000e+02,8.278457674376043940e+01
7.710000000000000000e+02,8.253547869659915648e+01
7.720000000000000000e+02,8.228421389941895825e+01
7.730000000000000000e+02,8.203294910223874581e+01
7.740000000000000000e+02,8.183436735163094511e+01
7.750000000000000000e+02,8.163688967856235479e+01
7.760000000000000000e+02,8.143941200549376447e+01
7.770000000000000000e+02,8.124193433242518836e+01
7.780000000000000000e+02,8.107220630467034539e+01
7.790000000000000000e+02,8.090291870451974887e+01
7.800000000000000000e+02,8.073363110436915235e+01
7.810000000000000000e+02,8.056434350421855584e+01
7.820000000000000000e+02,8.037311878596270276e+01
7.830000000000000000e+02,8.013619333908330589e+01
7.840000000000000000e+02,7.989926789220389480e+01
7.850000000000000000e+02,7.966234244532449793e+01
7.860000000000000000e+02,7.946463530704416200e+01
7.870000000000000000e+02,7.926715763647864321e+01
7.880000000000000000e+02,7.906967996591311021e+01
7.890000000000000000e+02,7.887220229534759142e+01
7.900000000000000000e+02,7.826374492351685319e+01
7.910000000000000000e+02,7.809614074099977188e+01
7.920000000000000000e+02,7.792964944655183501e+01
7.930000000000000000e+02,7.776315815210389815e+01
7.940000000000000000e+02,7.757299458462681230e+01
7.950000000000000000e+02,7.733606913063285049e+01
7.960000000000000000e+02,7.709914367663887447e+01
7.970000000000000000e+02,7.686202653955245978e+01
7.980000000000000000e+02,7.659284152339010632e+01
7.990000000000000000e+02,7.632365650722773864e+01
8.000000000000000000e+02,7.605495809298416532e+01
8.010000000000000000e+02,7.584552428863649709e+01
8.020000000000000000e+02,7.563609048428882886e+01
8.030000000000000000e+02,7.542203347197509800e+01
8.040000000000000000e+02,7.481792912150298491e+01
8.050000000000000000e+02,7.468325334070861743e+01
8.060000000000000000e+02,7.454857755991426416e+01
8.070000000000000000e+02,7.441390177911989667e+01
8.080000000000000000e+02,7.374158395683461720e+01
8.090000000000000000e+02,7.360690817266777231e+01
8.100000000000000000e+02,7.347223238850092741e+01
8.110000000000000000e+02,7.333755660433408252e+01
8.120000000000000000e+02,7.266566551384799766e+01
8.130000000000000000e+02,7.255792140671107404e+01
8.140000000000000000e+02,7.245017729957413621e+01
8.150000000000000000e+02,7.233210758607390289e+01
8.160000000000000000e+02,7.174690038563461769e+01
8.170000000000000000e+02,7.144700525621419729e+01
8.180000000000000000e+02,7.114711012679379110e+01
8.190000000000000000e+02,7.094233265820095369e+01
8.200000000000000000e+02,7.078073515081946709e+01
8.210000000000000000e+02,7.060838845456657964e+01
8.220000000000000000e+02,7.002370618291787707e+01
8.230000000000000000e+02,6.970078696010963881e+01
8.240000000000000000e+02,6.937917262401194307e+01
8.250000000000000000e+02,6.910998760220594761e+01
8.260000000000000000e+02,6.884011056838851061e+01
8.270000000000000000e+02,6.854405348521844132e+01
8.280000000000000000e+02,6.824727512136453811e+01
8.290000000000000000e+02,6.792435589855628564e+01
8.300000000000000000e+02,6.760217757116625137e+01
8.310000000000000000e+02,6.730612048799619629e+01
8.320000000000000000e+02,6.700929298476701490e+01
8.330000000000000000e+02,6.668637374580688970e+01
8.340000000000000000e+02,6.636345450732181916e+01
8.350000000000000000e+02,6.604053528451358090e+01
8.360000000000000000e+02,6.571761606136927014e+01
8.370000000000000000e+02,6.539469682741099632e+01
8.380000000000000000e+02,6.507177759379693782e+01
8.390000000000000000e+02,6.474885837098868535e+01
8.400000000000000000e+02,6.442593914818043288e+01
8.410000000000000000e+02,6.410301992537219462e+01
8.420000000000000000e+02,6.378010070204172166e+01
8.430000000000000000e+02,6.345718146308161778e+01
8.440000000000000000e+02,6.313426222465552229e+01
8.450000000000000000e+02,6.281134300184726982e+01
8.460000000000000000e+02,6.248751638257525087e+01
8.470000000000000000e+02,6.213774491387086130e+01
8.480000000000000000e+02,6.178889054603190800e+01
8.490000000000000000e+02,6.146597132322365553e+01
8.500000000000000000e+02,6.114305209985196399e+01
8.510000000000000000e+02,6.082013286089186010e+01
8.520000000000000000e+02,6.049721362250699030e+01
8.530000000000000000e+02,6.017429439969873783e+01
8.540000000000000000e+02,5.984942368515231692e+01
8.550000000000000000e+02,5.947280988745406205e+01
8.560000000000000000e+02,5.909717145409599226e+01
8.570000000000000000e+02,5.874739998539158847e+01
8.580000000000000000e+02,5.839762851668717758e+01
8.590000000000000000e+02,5.804785704798278800e+01
8.600000000000000000e+02,5.769908071277041017e+01
8.610000000000000000e+02,5.737616148996215770e+01
8.620000000000000000e+02,5.705121315990773212e+01
8.630000000000000000e+02,5.667459936220947725e+01
8.640000000000000000e+02,5.629798556470013438e+01
8.650000000000000000e+02,5.592137177200186215e+01
8.660000000000000000e+02,5.554678628033214238e+01
8.670000000000000000e+02,5.522386704137203850e+01
8.680000000000000000e+02,5.489888028825079402e+01
8.690000000000000000e+02,5.452226649555250049e+01
8.700000000000000000e+02,5.414565270266172092e+01
8.710000000000000000e+02,5.376903890496346605e+01
8.720000000000000000e+02,5.339449181682218892e+01
8.730000000000000000e+02,5.307157259401393645e+01
8.740000000000000000e+02,5.274654745406623135e+01
8.750000000000000000e+02,5.236993366136795913e+01
8.760000000000000000e+02,5.199331986847362685e+01
8.770000000000000000e+02,5.161670607077535067e+01
8.780000000000000000e+02,5.124219738436078586e+01
8.790000000000000000e+02,5.091927814540068198e+01
8.800000000000000000e+02,5.059635890708560879e+01
8.810000000000000000e+02,5.027343968427735632e+01
8.820000000000000000e+02,4.994266727535506334e+01
8.830000000000000000e+02,4.942663280302434003e+01
8.840000000000000000e+02,4.899966418822934600e+01
8.850000000000000000e+02,4.872280042743094697e+01
8.860000000000000000e+02,4.844188174803579017e+01
8.870000000000000000e+02,4.806526795533749663e+01
8.880000000000000000e+02,4.768865416263920309e+01
8.890000000000000000e+02,4.731204036994093087e+01
8.900000000000000000e+02,4.693760849838945859e+01
8.910000000000000000e+02,4.661468925942935471e+01
8.920000000000000000e+02,4.628378159744570297e+01
8.930000000000000000e+02,4.576774715005302596e+01
8.940000000000000000e+02,4.534094601539410263e+01
8.950000000000000000e+02,4.506408224701064569e+01
8.960000000000000000e+02,4.478531403492572593e+01
8.970000000000000000e+02,4.446239481211748767e+01
8.980000000000000000e+02,4.413134904830729255e+01
8.990000000000000000e+02,4.361531456998230283e+01
9.000000000000000000e+02,4.318868449917906815e+01
9.010000000000000000e+02,4.291182074266930613e+01
9.020000000000000000e+02,4.263076087100188971e+01
9.030000000000000000e+02,4.225414707330364195e+01
9.040000000000000000e+02,4.187753327581567930e+01
9.050000000000000000e+02,4.150091948311738577e+01
9.060000000000000000e+02,4.112024561757596075e+01
9.070000000000000000e+02,4.064708135335519756e+01
9.080000000000000000e+02,4.027038681949538557e+01
9.090000000000000000e+02,4.005497569179453876e+01
9.100000000000000000e+02,3.982648390124681725e+01
9.110000000000000000e+02,3.931044942891610106e+01
9.120000000000000000e+02,3.888416149396612553e+01
9.130000000000000000e+02,3.860729773316771940e+01
9.140000000000000000e+02,3.832609516518177628e+01
9.150000000000000000e+02,3.794948137248348985e+01
9.160000000000000000e+02,3.757286757956774892e+01
9.170000000000000000e+02,3.719625378186950115e+01
9.180000000000000000e+02,3.682197472023538865e+01
9.190000000000000000e+02,3.649905548127528476e+01
9.200000000000000000e+02,3.617376229333585513e+01
9.210000000000000000e+02,3.579714850063758291e+01
9.220000000000000000e+02,3.542053470771828927e+01
9.230000000000000000e+02,3.504392091002001308e+01
9.240000000000000000e+02,3.466968025681761389e+01
9.250000000000000000e+02,3.434676103400936142e+01
9.260000000000000000e+02,3.402384181120110895e+01
9.270000000000000000e+02,3.370092258839287780e+01
9.280000000000000000e+02,3.337555180490013385e+01
9.290000000000000000e+02,3.299893799337122857e+01
9.300000000000000000e+02,3.262354953827500026e+01
9.310000000000000000e+02,3.227377808706233253e+01
9.320000000000000000e+02,3.192400663504485436e+01
9.330000000000000000e+02,3.157423516634046479e+01
9.340000000000000000e+02,3.122570891146456518e+01
9.350000000000000000e+02,3.090278968865631626e+01
9.360000000000000000e+02,3.057987046508726792e+01
9.370000000000000000e+02,3.025695122612716048e+01
9.380000000000000000e+02,2.993403198793965458e+01
9.390000000000000000e+02,2.961111276513140211e+01
9.400000000000000000e+02,2.928819354153876020e+01
9.410000000000000000e+02,2.896527430257865632e+01
9.420000000000000000e+02,2.863970825477902693e+01
9.430000000000000000e+02,2.826309445708077561e+01
9.440000000000000000e+02,2.788780361932411367e+01
9.450000000000000000e+02,2.753803216811145305e+01
9.460000000000000000e+02,2.718959386479182072e+01
9.470000000000000000e+02,2.686667462583171329e+01
9.480000000000000000e+02,2.654375538768530518e+01
9.490000000000000000e+02,2.622083616487705626e+01
9.500000000000000000e+02,2.589791694124331300e+01
9.510000000000000000e+02,2.557499770228320912e+01
9.520000000000000000e+02,2.525486395986384025e+01
9.530000000000000000e+02,2.498567895152696039e+01
9.540000000000000000e+02,2.471506149151788279e+01
9.550000000000000000e+02,2.441900439353683439e+01
9.560000000000000000e+02,2.412148584822349662e+01
9.570000000000000000e+02,2.379856662541524770e+01
9.580000000000000000e+02,2.347564740260699523e+01
9.590000000000000000e+02,2.315272817979876407e+01
9.600000000000000000e+02,2.283130963487682408e+01
9.610000000000000000e+02,2.253525255670951211e+01
9.620000000000000000e+02,2.223766527555264005e+01
9.630000000000000000e+02,2.191474603659253617e+01
9.640000000000000000e+02,2.159182679856431619e+01
9.650000000000000000e+02,2.126890757575606727e+01
9.660000000000000000e+02,2.094733354636473166e+01
9.670000000000000000e+02,2.064743840408493014e+01
9.680000000000000000e+02,2.034754326180512862e+01
9.690000000000000000e+02,2.014809548962122676e+01
9.700000000000000000e+02,1.998649798223973661e+01
9.710000000000000000e+02,1.979760315283927952e+01
9.720000000000000000e+02,1.922825764213067501e+01
9.730000000000000000e+02,1.898595459890061221e+01
9.740000000000000000e+02,1.874021513515284099e+01
9.750000000000000000e+02,1.844415805198279656e+01
9.760000000000000000e+02,1.815159647118429831e+01
9.770000000000000000e+02,1.790929344008053548e+01
9.780000000000000000e+02,1.766339617116238969e+01
9.790000000000000000e+02,1.736733908799232751e+01
9.800000000000000000e+02,1.707493532289113602e+01
9.810000000000000000e+02,1.683263227966107323e+01
9.820000000000000000e+02,1.658657717791537323e+01
9.830000000000000000e+02,1.629052009974807902e+01
9.840000000000000000e+02,1.599636823959673926e+01
9.850000000000000000e+02,1.572718321735018598e+01
9.860000000000000000e+02,1.545799819510363271e+01
9.870000000000000000e+02,1.524303032432739613e+01
9.880000000000000000e+02,1.504718318778312991e+01
9.890000000000000000e+02,1.485133605123886369e+01
9.900000000000000000e+02,1.464450170802148499e+01
9.910000000000000000e+02,1.430623712818825410e+01
9.920000000000000000e+02,1.396797254835502500e+01
9.930000000000000000e+02,1.373572644710543322e+01
9.940000000000000000e+02,1.353987931056116700e+01
9.950000000000000000e+02,1.334403217401690078e+01
9.960000000000000000e+02,1.314657512459271160e+01
9.970000000000000000e+02,1.293116399843222553e+01
9.980000000000000000e+02,1.271575287227174123e+01
9.990000000000000000e+02,1.250034174611125515e+01
1.000000000000000000e+03,1.228493062182046813e+01
1.001000000000000000e+03,1.206951951722487593e+01
1.002000000000000000e+03,1.185410841262928194e+01
1.003000000000000000e+03,1.163869730803368974e+01
1.004000000000000000e+03,1.142206099814457154e+01
1.005000000000000000e+03,1.119320264956874666e+01
1.006000000000000000e+03,1.096434430099292179e+01
1.007000000000000000e+03,1.073548595241709691e+01
1.008000000000000000e+03,1.050918697989886574e+01
1.009000000000000000e+03,1.030722554748713549e+01
1.010000000000000000e+03,1.010526411507540345e+01
1.011000000000000000e+03,9.903302682663673195e+00
1.012000000000000000e+03,9.702685591421341016e+00
1.013000000000000000e+03,9.514176314604755547e+00
1.014000000000000000e+03,9.325667037788171854e+00
1.015000000000000000e+03,9.137157760971586384e+00
1.016000000000000000e+03,8.947234872498059488e+00
1.017000000000000000e+03,8.745273389285250332e+00
1.018000000000000000e+03,8.543311906072441175e+00
1.019000000000000000e+03,8.341350422859632019e+00
1.020000000000000000e+03,8.142345060485128627e+00
1.021000000000000000e+03,7.967290425115638897e+00
1.022000000000000000e+03,7.792235789746149166e+00
1.023000000000000000e+03,7.617181154376660324e+00
1.024000000000000000e+03,7.442126518978284366e+00
1.025000000000000000e+03,7.267071883358444673e+00
1.026000000000000000e+03,7.092017247738604979e+00
1.027000000000000000e+03,6.916962612118765286e+00
1.028000000000000000e+03,6.743534956699530625e+00
1.029000000000000000e+03,6.581937448817303249e+00
1.030000000000000000e+03,6.420339940935076761e+00
1.031000000000000000e+03,6.258742433052849385e+00
1.032000000000000000e+03,6.098851442706163084e+00
1.033000000000000000e+03,5.950713548790082186e+00
1.034000000000000000e+03,5.802575654874001287e+00
1.035000000000000000e+03,5.654437760957920389e+00
1.036000000000000000e+03,5.505941699401833311e+00
1.037000000000000000e+03,5.355111706330536236e+00
1.038000000000000000e+03,5.204281713259239162e+00
1.039000000000000000e+03,5.053451720187942087e+00
1.040000000000000000e+03,4.902621727116645012e+00
1.041000000000000000e+03,4.754823907220529833e+00
1.042000000000000000e+03,4.625533671451375284e+00
1.043000000000000000e+03,4.496243435682220735e+00
1.044000000000000000e+03,4.366953199913066186e+00
1.045000000000000000e+03,4.237662964143912525e+00
1.046000000000000000e+03,4.108372724509260721e+00
1.047000000000000000e+03,3.979082462838199330e+00
1.048000000000000000e+03,3.849792201167137939e+00
1.049000000000000000e+03,3.720501939496076549e+00
1.050000000000000000e+03,3.591211677825015158e+00
1.051000000000000000e+03,3.465319289360581312e+00
1.052000000000000000e+03,3.357575192016085897e+00
1.053000000000000000e+03,3.249831094671590481e+00
1.054000000000000000e+03,3.142086997327095066e+00
1.055000000000000000e+03,3.034342899982599651e+00
1.056000000000000000e+03,2.926598802638104235e+00
1.057000000000000000e+03,2.818854700753994358e+00
1.058000000000000000e+03,2.711110576507282932e+00
1.059000000000000000e+03,2.603366452260571062e+00
1.060000000000000000e+03,2.495622328013859637e+00
1.061000000000000000e+03,2.392622843201199334e+00
1.062000000000000000e+03,2.311820365183215209e+00
1.063000000000000000e+03,2.231017887165230640e+00
1.064000000000000000e+03,2.150215409147246515e+00
1.065000000000000000e+03,2.069412931129261946e+00
1.066000000000000000e+03,1.988610453111277598e+00
1.067000000000000000e+03,1.907807975093293251e+00
1.068000000000000000e+03,1.827005497075308904e+00
